TIME Run 100 100 0.471 0 0.472 0 0 
TIME Run 100 200 0.289 0 0.289 0 0 
TIME Run 100 500 0.489 0.016 0.505 0 0 
TIME Run 100 1000 0.921 0 0.921 0 0 
TIME Run 100 2000 1.973 0.001 1.975 0 0 
TIME Run 100 4000 3.765 0 3.766 0 0 
TIME Run 100 8000 7.583 0.004 7.59 0 0 
TIME Run 200 100 0.491 0.001 0.492 0 0 
TIME Run 200 200 0.484 0 0.485 0 0 
TIME Run 200 500 0.967 0 0.967 0 0 
TIME Run 200 1000 2.056 0 2.057 0 0 
TIME Run 200 2000 3.965 0.002 3.969 0 0 
TIME Run 200 4000 7.112 0.001 7.116 0 0 
TIME Run 200 8000 15.685 0.027 15.719 0 0 
TIME Run 400 100 0.989 0 0.989 0 0 
TIME Run 400 200 1.245 0 1.247 0 0 
TIME Run 400 500 3.484 0.114 5.457 0 0 
TIME Run 400 1000 6.938 0.396 10.624 0 0 
TIME Run 400 2000 9.91 0.418 10.36 0 0 
TIME Run 400 4000 17.159 0.095 17.265 0 0 
TIME Run 400 8000 33.818 0.089 33.932 0 0 
TIME Run 800 100 2.465 0.021 2.488 0 0 
TIME Run 800 200 2.294 0.005 2.301 0 0 
TIME Run 800 500 4.716 0.009 4.728 0 0 
TIME Run 800 1000 9.428 0.001 9.435 0 0 
TIME Run 800 2000 20.299 0.029 20.345 0 0 
TIME Run 800 4000 37.989 0.089 38.105 0 0 
TIME Run 800 8000 74.304 0.123 74.475 0 0 
TIME Run 1600 100 6.503 0.05 6.557 0 0 
TIME Run 1600 200 6.852 0.02 6.878 0 0 
TIME Run 1600 500 13.248 0.205 13.461 0 0 
TIME Run 1600 1000 25.792 0.112 25.922 0 0 
TIME Run 1600 2000 53.345 0.452 53.842 0 0 
TIME Run 1600 4000 104.55 1.084 105.716 0 0 
TIME Run 1600 8000 210.212 3.299 213.702 0 0 
