TIME Init 100 100 0.452 0.003 0.455 0 0 
TIME Init 100 200 0.579 0 0.579 0 0 
TIME Init 100 500 0.403 0 0.403 0 0 
TIME Init 100 1000 0.387 0.001 0.387 0 0 
TIME Init 100 2000 0.452 0 0.452 0 0 
TIME Init 100 4000 0.423 0.002 0.425 0 0 
TIME Init 100 8000 0.425 0.001 0.426 0 0 
TIME Init 200 100 1.37 0.002 1.373 0 0 
TIME Init 200 200 1.293 0 1.293 0 0 
TIME Init 200 500 1.311 0 1.312 0 0 
TIME Init 200 1000 1.497 0 1.497 0 0 
TIME Init 200 2000 1.431 0.004 1.436 0 0 
TIME Init 200 4000 1.207 0.001 1.209 0 0 
TIME Init 200 8000 1.383 0 1.384 0 0 
TIME Init 400 100 4.608 0.001 4.611 0 0 
TIME Init 400 200 5.024 0.001 5.028 0 0 
TIME Init 400 500 5.715 0.112 6.266 0 0 
TIME Init 400 1000 6.092 0.14 9.542 0 0 
TIME Init 400 2000 6.499 0.119 6.922 0 0 
TIME Init 400 4000 5.211 0.02 5.233 0 0 
TIME Init 400 8000 4.753 0.056 4.81 0 0 
TIME Init 800 100 20.171 0.026 20.206 0 0 
TIME Init 800 200 18.642 0.02 18.67 0 0 
TIME Init 800 500 19.38 0.02 19.408 0 0 
TIME Init 800 1000 19.159 0.007 19.174 0 0 
TIME Init 800 2000 18.94 0.061 19.009 0 0 
TIME Init 800 4000 18.924 0.032 18.964 0 0 
TIME Init 800 8000 18.059 0.131 18.197 0 0 
TIME Init 1600 100 75.822 0.265 76.122 0 0 
TIME Init 1600 200 74.321 0.104 74.465 0 0 
TIME Init 1600 500 75.222 0.132 75.391 0 0 
TIME Init 1600 1000 75.247 0.199 75.477 0 0 
TIME Init 1600 2000 77.995 0.079 78.109 0 0 
TIME Init 1600 4000 75.76 0.398 76.209 0 0 
TIME Init 1600 8000 75.671 0.656 76.382 0 0 
